80
23
443
21
22
25
110
445
139
143
53
135
1723
111
995
993
1025
587
199
1720
465
548
113
81
514
179
1026
2000
554
26
1433
2001
515
1027
646
631
2049
88
79
106
2121
1110
513
990
427
543
544
144
7
389
444
1900
13
1029
9
1028
873
1755
119
37
1000
82
1030
2107
1024
2103
1801
19
1041
255
1049
1048
1053
1056
1065
1064
1054
17
808
1031
1044
1071
100
1039
2105
636
1038
1
1066
1069
625
311
280
254
1993
1761
2002
2005
1998
1032
1050
1521
2161
1080
2401
902
787
1058
2383
1033
1040
1059
1494
593
2301
3
1
1234
1022
1074
1036
1035
1037
464
497
1935
2003
1352
24
1111
407
500
20
2006
1218
1034
264
2004
33
1042
999
1023
1068
222
888
1999
563
1717
2008
992
2007
740
2009
1043
512
1700
2065
2010
42
161
1047
1051
1052
1055
1062
1311
1060
730
731
709
1067
366
1002
85
1864
1863
49
90
475
1503
1500
340
78
2222
1501
163
648
146
1666
901
83
912
30
2030
6
541
4
1248
2500
880
306
1097
2525
1086
1088
900
395
800
1083
211
987
705
711
1085
1046
2190
1099
1098
2144
1718
2135
1045
2399
1148
2381
1096
1073
1078
2260
2160
2100
1104
1783
1169
1057
1947
1094
1075
1108
1081
1093
1687
1840
1100
1063
1061
1107
1106
1077
1310
2119
2492
1070
1272
1072
1079
1082
89
691
1001
1999
212
2020
898
32
2033
99
749
425
43
458
1152
2191
1580
1186
2179
1183
1124
1089
2251
1087
1334
2522
1247
2126
1782
1296
1021
2021
616
666
700
545
1524
1112
84
2040
2111
1084
1600
2048
1533
2106
1443
667
720
2034
555
801
1151
2394
2393
1201
1862
1114
1091
1090
1138
1175
1131
1119
1117
1271
1199
1122
2323
2022
617
777
417
714
981
722
1009
70
1076
765
301
524
668
2041
1417
1434
259
1984
2068
1007
416
2038
109
1461
911
726
1010
2046
2035
687
2013
481
125
903
1455
683
1011
2043
2047
256
406
783
843
2042
2045
1145
1875
1556
1141
1233
1137
1163
1287
1812
1166
1164
1165
1259
1092
1971
1277
1213
2382
1113
1132
1309
1126
1217
1719
1300
2099
1174
2170
1216
1121
1154
1185
1198
1192
1972
1130
1149
1187
1102
2196
1594
1658
1583
2366
1688
1322
2557
1095
1839
2288
1123
1244
1641
2200
1105
1328
1805
1914
1974
1301
1147
1721
1236
2501
2012
1220
1109
1347
502
701
2232
2241
710
623
913
1103
780
930
803
725
639
540
102
1222
953
1270
27
123
86
447
1158
442
419
931
874
856
250
475
2044
441
210
1008
556
829
55
713
1550
709
223
87
57
980
251
1013
1212
2433
1516
333
2011
748
1350
1526
1241
127
157
220
1351
2067
684
77
674
943
904
840
825
792
732
1020
1006
657
557
610
1547
523
996
2025
602
862
600
257
1522
1353
998
660
729
730
731
782
1357
2201
971
969
905
846
839
823
822
795
790
778
757
659
225
1015
1014
1012
655
786
690
388
754
98
411
1525
740
802
1337
1127
2112
1414
621
606
59
928
924
922
921
918
878
864
859
806
805
728
252
1005
1004
641
758
669
715
1413
2104
1229
2340
1565
2312
1927
2148
1168
1823
1223
2436
2142
1976
1975
1221
1911
2187
2292
1750
2083
2271
1208
1215
1128
1605
1699
1195
1712
2371
1753
2505
1314
2558
1159
1157
1308
1135
1196
1615
2095
2096
2197
1180
1134
1883
1249
2463
1204
1184
1861
1752
1701
2081
2115
2531
1638
2551
1336
2082
1143
1176
2062
1918
1156
2313
2069
1188
1125
1722
1136
1162
1211
1191
1144
1901
1807
2425
2291
1315
2087
1635
2224
2253
2376
2375
1825
1279
1173
1973
2261
2262
1190
2567
1167
1871
1958
1150
2302
1179
2203
2080
2265
2304
1560
1835
1116
2325
1800
1153
2070
2335
1182
1954
2391
1558
1924
1290
1559
1317
1707
1327
2330
2580
1584
2439
1250
1607
1736
1330
2270
1645
1303
1251
1243
1291
1297
1200
1811
1118
2101
1694
1730
1912
1745
2250
1306
2449
1262
1101
1268
1735
1858
1264
1711
1321
1598
1305
1632
1307
1981
2532
1808
2435
1194
1622
1239
1799
1683
1340
1806
2438
1261
2583
2031
2269
1207
2280
2372
1318
1339
1276
1209
1331
1240
2326
1792
1299
1715
1703
1677
2086
1708
1228
1620
1316
1569
1210
1691
1282
2124
1791
2150
1324
2584
2300
1566
1713
1592
1302
1709
2418
2472
2134
1319
2456
2550
66
706
635
400
47
830
1989
1444
678
591
642
446
1441
11
769
983
979
973
967
965
961
942
935
926
925
914
863
858
844
834
817
815
811
809
789
779
743
1019
1507
1492
509
762
578
1495
52
219
525
1420
665
620
653
158
716
861
1366
1364
833
91
1680
750
615
603
101
989
510
810
1139
76
847
649
707
68
449
664
75
104
629
1652
682
577
985
984
974
958
952
949
946
923
916
899
897
894
889
835
824
814
807
804
798
733
727
237
12
10
501
122
440
771
1663
828
860
695
634
538
1359
1358
1517
1370
492
268
605
1651
1178
761
50
2018
1349
2014
2120
1445
1402
1465
627
950
1384
1388
760
92
831
45
112
456
1214
702
1404
651
1389
647
448
1356
1484
450
1991
1988
1523
1400
1399
221
1385
1346
2024
2430
988
962
948
945
941
938
936
929
927
919
906
883
881
875
872
870
866
855
851
850
841
836
826
820
819
816
813
791
745
736
735
724
719
343
334
300
28
249
230
16
1018
1016
658
1474
696
630
663
2307
1552
609
741
353
638
1551
661
491
640
507
673
632
1354
676
214
182
69
1475
97
633
560
799
2015
628
751
1403
1527
723
1466
1486
1650
991
832
137
1348
685
1762
994
194
180
1539
1379
51
886
2064
1405
1435
1401
1369
402
103
1372
704
854
624
1387
1996
1995
1997
201
1381
35
670
970
968
964
963
960
959
951
947
944
939
933
909
895
891
879
869
868
867
837
821
812
797
796
794
788
756
734
721
718
708
703
60
40
253
231
14
1017
1003
656
975
2026
1497
553
511
611
689
1668
1664
15
561
997
505
1496
637
213
1412
1515
692
694
681
680
644
675
1467
454
622
1476
1373
770
262
654
1535
58
177
677
1519
1398
401
412
493
94
1498
871
1390
133
362
118
193
115
1549
608
1426
1436
38
74
73
71
601
136
129
1446
308
1528
1365
1393
1394
1493
138
397
29
31
44
1510
568
350
2053
1763
399
1537
1992
1355
1454
261
887
200
1376
1424
1410
1409
686
1513
747
1499
1439
1438
853
196
93
410
462
619
1529
1990
1994
1986
1386
1442
95
1432
1548
486
1422
114
1397
1827
626
422
688
206
202
204
1483
774
699
2023
776
672
1545
2431
697
982
978
972
966
957
956
934
920
915
908
907
892
890
885
884
882
877
876
865
857
852
849
842
838
827
818
793
785
784
755
746
738
737
717
34
336
325
303
276
273
236
235
233
181
604
1362
712
1437
2027
1368
1531
645
260
536
764
698
607
1667
1662
1661
404
224
418
176
848
315
466
403
1456
1479
355
763
1472
453
759
437
2432
120
415
1544
1511
1538
346
173
54
56
265
1462
1518
1457
117
1470
267
1419
1418
1407
380
518
65
391
392
413
1391
614
1408
162
108
1502
598
582
487
530
1509
72
189
209
270
408
191
1459
564
767
583
1395
192
1448
428
1416
773
1458
526
1363
742
1464
1427
1482
569
571
351
2
373
910
148
271
423
1451
480
1430
1429
781
383
2564
613
612
652
1383
128
1453
190
1505
1371
533
744
1423
1374
141
1440
1396
352
96
48
552
570
217
528
452
451
2108
132
1993
1987
130
216
142
67
364
1411
205
124
116
258
485
599
149
1469
775
2019
516
986
977
976
955
954
937
932
8
896
893
845
768
766
739
337
329
326
305
295
294
293
289
288
277
238
234
229
228
226
522
2028
150
572
596
420
460
1543
358
361
470
360
457
643
322
168
753
369
185
1541
1540
752
496
662
1449
1480
1473
184
1672
1671
1670
435
434
1532
1360
174
472
1361
414
535
432
479
473
151
1542
438
1488
1508
618
316
1367
439
284
542
370
2016
248
1491
1425
2102
2341
2157
165
2165
1338
1785
534
2231
63
2054
2216
2539
2387
2410
2255
2530
1796
2474
1631
1852
2386
2074
1956
1885
2426
2554
2529
2248
1142
433
2537
519
1506
1979
2357
1889
1189
1910
372
1382
2542
145
1846
2573
2405
1906
2158
474
590
1965
379
1832
2296
1380
2060
1814
1977
2576
2403
2402
2470
2306
1450
2156
2493
2392
1627
243
1925
1860
1870
2084
247
527
1312
2154
156
1759
2440
2568
2290
2569
1964
2132
580
1967
2409
1608
1847
166
1733
2257
2278
1959
1659
2320
1257
2367
2316
2254
2479
2477
2478
2089
1905
2189
2342
2309
2310
2384
266
2577
1644
1129
1606
2578
363
1698
2377
520
2258
2223
2416
2249
2057
1431
324
323
39
2225
107
1232
5
2373
2346
2348
2347
2349
1942
532
2214
2332
2167
2457
1953
2408
2188
1813
469
1596
2177
2589
2497
2523
2490
2468
320
319
597
2303
409
344
1460
1283
1778
2039
1392
2315
1587
2443
2487
188
1819
318
1603
468
2350
2520
2441
281
1916
345
2178
1980
2274
2299
1332
2256
1333
586
2246
1675
2484
2483
1571
1830
1630
2482
2481
2524
1829
2237
2400
2389
2447
1258
314
2428
2199
2198
2185
2056
2077
429
1894
126
2184
359
396
2338
2210
2244
1242
2252
1617
61
178
550
2058
2075
2076
2585
2586
170
2293
171
1155
537
2411
1879
2128
395
154
155
2328
1970
2486
2485
1406
218
2219
2220
1676
1612
1616
1613
1614
377
378
2528
1888
2093
2094
2163
2343
1790
2273
2388
2305
2171
2172
2173
2174
46
2488
1576
2180
1512
2175
2176
2266
2230
393
2311
18
1960
2272
2427
2363
2591
269
2544
2516
2243
313
2453
1983
2289
1629
1628
1634
1903
2090
2465
2466
2145
2143
2147
2146
1969
517
1203
1886
374
2212
1764
2395
2294
186
584
2502
1937
1938
1939
1940
2097
1936
1810
2205
1578
1636
1637
499
1950
1949
529
2527
2215
2088
2202
1884
1611
1674
1673
484
215
134
1428
2480
244
585
2239
2055
2404
2079
2063
2276
2275
1881
2078
1920
1919
424
1933
1934
385
2374
2570
2113
2207
2209
2448
382
381
2206
2208
2029
1985
2467
1161
2517
2356
2186
2152
2123
1452
2217
2072
1909
1880
2159
1421
1859
286
1514
1904
1902
574
2242
1193
1855
1856
1784
1887
1776
347
2495
2515
2514
1928
1926
1982
1798
1504
592
1267
2036
2221
2380
2379
1772
1818
1295
121
140
394
2526
1378
1893
2228
2263
2168
2164
2420
2193
1930
195
1172
1177
246
198
197
2464
2227
1335
2226
2098
547
546
2092
1278
365
1160
2073
461
2229
1775
1133
2298
2297
1898
1932
2563
105
2129
2314
2565
2153
2491
2417
2555
64
2534
2415
2183
164
356
2052
172
1729
2512
2513
131
1743
1377
1572
1891
1892
562
531
2182
2122
1197
1872
1734
2552
1882
2318
1563
1554
595
348
282
581
2446
1854
1961
2444
2277
2155
2218
2017
1896
1313
2059
2494
2574
1943
1120
1929
152
2169
2204
2071
2066
2238
2050
1140
1146
2264
2419
2317
1520
1170
1171
2192
386
421
2114
2581
2582
384
1834
1115
1557
2037
1447
187
2336
387
208
207
203
539
2247
1206
376
1931
693
2295
2521
2085
2476
2475
2334
2259
62
1955
2339
1181
2133
317
508
1619
1716
2279
2327
2130
1760
2396
2504
1727
1326
2518
1890
565
1963
1739
1269
2455
2547
2548
2546
312
1589
1224
1345
2538
175
1868
1853
78
575
1771
671
430
431
1957
1978
2499
2437
2138
2110
1797
1737
483
390
1867
1624
1833
1568
2489
1237
1588
1869
594
476
2361
1758
1728
1946
559
1610
1922
1838
1274
1866
1751
1625
566
1226
1836
1654
1692
477
478
2507
1923
1621
2533
2452
1684
2333
1553
426
1966
1225
1705
1618
1660
2545
1599
498
1626
160
153
1714
2235
169
2471
558
2308
1681
2385
1646
2390
1793
1647
1697
1693
1695
1696
2423
1817
521
283
2543
2240
1343
2321
1530
1595
1341
368
2461
2462
1253
2434
2351
2353
2354
1788
2352
2355
2091
1732
1678
2588
1777
494
1293
321
1280
1779
1230
2566
1562
1246
1564
1633
2413
2407
1597
1570
2398
1809
1575
1754
1748
2368
2267
2364
506
2322
2498
183
650
2329
1463
159
1917
1921
2503
2556
1690
2360
1669
1665
1286
1843
1842
1841
2061
1329
2451
2442
2450
489
1285
1591
1744
405
2397
2162
1288
2286
2236
167
1685
1831
467
1574
2469
2460
1477
1478
1582
1731
679
1952
2579
2561
1235
367
471
1815
1581
1534
490
349
1824
2511
1897
2118
2117
1231
1820
1899
2587
1593
2535
2559
1298
2540
2541
2125
1487
2283
2284
2285
2281
2282
1555
1968
245
1682
1485
2560
2370
398
2424
1773
1649
287
2213
1289
1567
1706
2406
2508
2506
1623
2166
1275
1573
1828
1609
147
1643
1642
1245
576
2549
1579
1585
503
1907
495
1602
1490
2319
2233
2454
2127
1710
1284
2590
549
1725
2337
1344
1604
2572
1260
1586
1726
2140
2139
2141
1577
1877
1803
2575
1789
1281
263
375
1816
2245
1238
2421
488
1850
2458
41
2519
1774
1590
1738
2358
1786
1787
1657
2429
1747
1746
2359
1874
2509
1873
1848
2510
1689
2344
1561
1915
589
1948
1876
1822
1342
2109
2051
309
1865
1804
1740
2211
1273
2181
2553
1325
2445
1265
1292
1878
1780
1795
1821
2151
1227
436
2287
1489
1263
2496
2234
242
1844
2362
1941
1945
1702
1256
1254
1266
2562
1656
1655
579
1255
1415
2365
2345
1908
1857
1679
772
551
1686
1851
1837
1471
1468
1724
2422
455
2324
2137
1648
1802
2459
1757
1294
1944
371
504
1741
1768
1767
1766
1765
1640
1639
1794
2571
2412
2116
1756
588
1202
1375
2536
1252
1323
1304
1770
1769
2032
1962
310
357
354
482
2414
1951
1704
573
567
2131
1749
1913
1826
2136
1781
1320
2268
459
1536
1845
1653
1849
463
2473
1481
2331
1219
2149
1205
1546
1601
1742
